# Created by Octave 4.2.0, Thu Mar 16 18:43:35 2017 GMT <unknown@unknown>
# name: hidden_layer_size_list
# type: matrix
# rows: 10
# columns: 2
 0.082667 21
 0.080667 22
 0.083333 23
 0.07066699999999999 24
 0.076 25
 0.079333 26
 0.08 27
 0.068 28
 0.077333 29
 0.077333 30


